L2: 1.0631331581474937 
H1: 3.804444946692412 
