L2: 0.21099433537942333 
H1: 0.6345201242692088 
