L2: 0.12887721781003822 
H1: 4.872253378753197 
