L2: 0.2123836772408219 
H1: 0.6264083902820639 
